%                                     consumidores acomulados(Nº)     potencia acumulados(KW)
%Componente De Para Length [km] Ph-A Ph-B Ph-C Ph-A Ph-B Ph-C
distancias =[1   1 2 2 674 791 687 365 388 329.5;
             2   2 3 3 674 746 687 365 375.5 329.5;
             3   3 4 10 124 271 212 90 138.5 99.5;
             4   4 5 3 107 248 212 80 128.5 99.5;
             5   5 6 2 107 209 184 80 105 90;
             6   2 7 2 0 45 0 0 12.5 0;
             7   7 8 3 0 40 0 0 10 0;
             8   7 9 6 0 5 0 0 2.5 0;
             9   3 10 5 550 475 475 275 237 230;
             10  4 11 2.5 17 23 0 10 10 0;
             11  11 12 2 7 23 0 5 10 0;
             12  11 13 3 10 0 0 5 0 0;
             13  5 14 1.5 0 39 28 0 23.5 9.5;
             14  14 15 3 0 32 28 0 20 9.5;
             15  14 16 5 0 7 0 0 3.5 0;
             16   3 10 5 550 475 475 275 237 230];  % componente 16 = ao 9 (novo trecho alternativa 7)
   
   
   
%Tabela MTTR -
% ORDEM: Perm. [h] Trans.[h]
%     trecho     alternativa01         alternativa02            alternativa03           alternativa04            alternativa05          alternativa06           alternativa07    
tempos = [ 1    4 0.5   4 0.678928 4 0.678928 4 0.678928 4 0.678928 4 0.678928 4 0.678928;
         2    4 0.5   4 0.678928 4 0.678928 4 0.678928 4 0.678928 4 0.678928 4 0.678928;
         3    4 0.5   4 0.678928 4 0.678928 2 0.678928 2 0.678928 4 0.678928 4 0.678928;
         4    4 0.5   4 0.678928 4 0.678928 2 0.678928 2 0.678928 2 0.678928 2 0.678928;
         5    4 0.5   4 0.678928 4 0.678928 2 0.678928 2 0.678928 2 0.678928 2 0.678928;
         6    7 0.5   7 0.688064 5 0.688064 5 0.688064 5 0.688064 5 0.688064 5 0.688064;
         7    7 0.5   7 0.688064 5 0.688064 5 0.688064 5 0.688064 5 0.688064 5 0.688064;
         8    7 0.5   7 0.688064 10 0.688064 10 0.688064 10 0.688064 10 0.688064 10 0.688064;
         9    4 0.5   4 0.678928 4 0.678928 4 0.678928 2 0.678928 4 0.678928 4 0.678928;
         10    7 0.5   7 0.688064 6 0.688064 6 0.688064 6 0.688064 6 0.688064 6 0.688064;
         11    7 0.5   7 0.688064 6 0.688064 6 0.688064 6 0.688064 6 0.688064 6 0.688064;
         12    7 0.5   7 0.688064 11 0.688064 11 0.688064 11 0.688064 11 0.688064 11 0.688064;
         13    7 0.5   7 0.688064 6 0.688064 6 0.688064 6 0.688064 6 0.688064 6 0.688064;
         14    7 0.5   7 0.688064 6 0.688064 6 0.688064 6 0.688064 6 0.688064 6 0.688064;
         15    7 0.5   7 0.688064 11 0.688064 11 0.688064 11 0.688064 11 0.688064 11 0.688064;
         16    0 0   0 0        0 0        0 0        0 0        0 0        1 0.678928];
     
     
